0.000000,-19.000000,258.000000,0.000000,0
0.000000,-19.000000,258.000000,0.000000,0
3.161012,-15.000000,100.000000,0.000000,0
3.181012,-15.000000,100.000000,1.000000,0
3.504122,-17.000000,95.000000,1.000000,0
3.804122,-17.000000,90.000000,1.000000,0
4.104122,-17.000000,85.000000,1.000000,0
4.427232,-15.000000,90.000000,1.000000,0
5.039115,-17.000000,80.000000,1.000000,0
5.947079,-15.000000,95.000000,1.000000,0
6.550072,-17.000000,75.000000,1.000000,0
6.856013,-15.000000,65.000000,1.000000,0
7.017568,-17.000000,70.000000,1.000000,0
7.323509,-15.000000,60.000000,1.000000,0
7.485064,-17.000000,55.000000,1.000000,0
7.646619,-15.000000,50.000000,1.000000,0
7.952560,-17.000000,40.000000,1.000000,0
8.114115,-15.000000,45.000000,1.000000,0
8.420056,-17.000000,35.000000,1.000000,0
8.581611,-15.000000,40.000000,1.000000,0
9.483609,-17.000000,70.000000,1.000000,0
10.685483,-15.000000,30.000000,2.000000,0
10.847038,-17.000000,35.000000,2.000000,0
11.152979,-15.000000,25.000000,2.000000,0
11.314534,-17.000000,30.000000,2.000000,0
11.639033,-15.000000,25.000000,1.500000,0
11.808739,-17.000000,23.000000,1.500000,0
12.318739,-17.000000,23.000000,10.000000,0
14.297830,-9.000000,-9.000000,10.000000,0
14.461927,0.000000,0.000000,15.000000,0
24.861927,0.000000,0.000000,2.000000,0
25.031987,0.000000,0.000000,4.840000,0
25.189153,10.000000,10.004000,4.840000,1
50.39,490.00,10.00,4.84,1
75.58,490.00,490.00,4.84,1
100.78,10.00,490.00,4.84,1
125.98,10.00,10.00,4.84,0
126.29,30.00,30.00,4.84,1
149.39,30.00,470.00,4.84,1
172.49,470.00,470.00,4.84,1
195.58,470.00,30.00,4.84,1
218.68,30.00,30.00,4.84,0
218.98,30.00,30.00,9.84,0
219.29,10.00,10.00,9.84,1
225.59,490.00,10.00,9.84,1
231.89,490.00,490.00,9.84,1
238.19,10.00,490.00,9.84,1
244.49,10.00,10.00,9.84,0
244.80,30.00,30.00,9.84,1
250.58,30.00,470.00,9.84,1
256.35,470.00,470.00,9.84,1
262.13,470.00,30.00,9.84,1
267.90,30.00,30.00,9.84,0
268.20,30.00,30.00,14.84,0
268.51,10.00,10.00,14.84,1
274.81,490.00,10.00,14.84,1
281.11,490.00,490.00,14.84,1
287.41,10.00,490.00,14.84,1
293.71,10.00,10.00,14.84,0
294.03,30.00,30.00,14.84,1
299.80,30.00,470.00,14.84,1
305.57,470.00,470.00,14.84,1
311.35,470.00,30.00,14.84,1
317.12,30.00,30.00,14.84,0
317.42,30.00,30.00,19.84,0
317.74,10.00,10.00,19.84,1
324.04,490.00,10.00,19.84,1
330.34,490.00,490.00,19.84,1
336.63,10.00,490.00,19.84,1
342.93,10.00,10.00,19.84,0
343.25,30.00,30.00,19.84,1
349.02,30.00,470.00,19.84,1
354.80,470.00,470.00,19.84,1
360.57,470.00,30.00,19.84,1
366.34,30.00,30.00,19.84,0
366.64,30.00,30.00,24.84,0
366.96,10.00,10.00,24.84,1
373.26,490.00,10.00,24.84,1
379.56,490.00,490.00,24.84,1
385.86,10.00,490.00,24.84,1
392.16,10.00,10.00,24.84,0
392.47,30.00,30.00,24.84,1
398.24,30.00,470.00,24.84,1
404.02,470.00,470.00,24.84,1
409.79,470.00,30.00,24.84,1
415.57,30.00,30.00,24.84,0
415.87,30.00,30.00,29.84,0
416.18,10.00,10.00,29.84,1
422.48,490.00,10.00,29.84,1
428.78,490.00,490.00,29.84,1
435.08,10.00,490.00,29.84,1
441.38,10.00,10.00,29.84,0
441.69,30.00,30.00,29.84,1
447.47,30.00,470.00,29.84,1
453.24,470.00,470.00,29.84,1
459.01,470.00,30.00,29.84,1
464.79,30.00,30.00,29.84,0
465.09,30.00,30.00,34.84,0
465.40,10.00,10.00,34.84,1
471.70,490.00,10.00,34.84,1
478.00,490.00,490.00,34.84,1
484.30,10.00,490.00,34.84,1
490.60,10.00,10.00,34.84,0
490.91,30.00,30.00,34.84,1
496.69,30.00,470.00,34.84,1
502.46,470.00,470.00,34.84,1
508.24,470.00,30.00,34.84,1
514.01,30.00,30.00,34.84,0
514.31,30.00,30.00,39.84,0
514.62,10.00,10.00,39.84,1
520.92,490.00,10.00,39.84,1
527.22,490.00,490.00,39.84,1
533.52,10.00,490.00,39.84,1
539.82,10.00,10.00,39.84,0
540.14,30.00,30.00,39.84,1
545.91,30.00,470.00,39.84,1
551.68,470.00,470.00,39.84,1
557.46,470.00,30.00,39.84,1
563.23,30.00,30.00,39.84,0
563.53,30.00,30.00,44.84,0
563.85,10.00,10.00,44.84,1
570.15,490.00,10.00,44.84,1
576.44,490.00,490.00,44.84,1
582.74,10.00,490.00,44.84,1
589.04,10.00,10.00,44.84,0
589.36,30.00,30.00,44.84,1
595.13,30.00,470.00,44.84,1
600.91,470.00,470.00,44.84,1
606.68,470.00,30.00,44.84,1
612.45,30.00,30.00,44.84,0
612.75,30.00,30.00,49.84,0
613.07,10.00,10.00,49.84,1
619.37,490.00,10.00,49.84,1
625.67,490.00,490.00,49.84,1
631.97,10.00,490.00,49.84,1
638.27,10.00,10.00,49.84,0
638.58,30.00,30.00,49.84,1
644.35,30.00,470.00,49.84,1
650.13,470.00,470.00,49.84,1
655.90,470.00,30.00,49.84,1
661.68,30.00,30.00,49.84,0
661.98,30.00,30.00,54.84,0
662.29,10.00,10.00,54.84,1
668.59,490.00,10.00,54.84,1
674.89,490.00,490.00,54.84,1
681.19,10.00,490.00,54.84,1
687.49,10.00,10.00,54.84,0
687.80,30.00,30.00,54.84,1
693.58,30.00,470.00,54.84,1
699.35,470.00,470.00,54.84,1
705.12,470.00,30.00,54.84,1
710.90,30.00,30.00,54.84,0
711.20,30.00,30.00,59.84,0
711.51,10.00,10.00,59.84,1
717.81,490.00,10.00,59.84,1
724.11,490.00,490.00,59.84,1
730.41,10.00,490.00,59.84,1
736.71,10.00,10.00,59.84,0
737.02,30.00,30.00,59.84,1
742.80,30.00,470.00,59.84,1
748.57,470.00,470.00,59.84,1
754.35,470.00,30.00,59.84,1
760.12,30.00,30.00,59.84,0
760.42,30.00,30.00,64.84,0
760.73,10.00,10.00,64.84,1
767.03,490.00,10.00,64.84,1
773.33,490.00,490.00,64.84,1
779.63,10.00,490.00,64.84,1
785.93,10.00,10.00,64.84,0
786.25,30.00,30.00,64.84,1
792.02,30.00,470.00,64.84,1
797.79,470.00,470.00,64.84,1
803.57,470.00,30.00,64.84,1
809.34,30.00,30.00,64.84,0
809.64,30.00,30.00,69.84,0
809.96,10.00,10.00,69.84,1
816.26,490.00,10.00,69.84,1
822.55,490.00,490.00,69.84,1
828.85,10.00,490.00,69.84,1
835.15,10.00,10.00,69.84,0
835.47,30.00,30.00,69.84,1
841.24,30.00,470.00,69.84,1
847.02,470.00,470.00,69.84,1
852.79,470.00,30.00,69.84,1
858.56,30.00,30.00,69.84,0
858.86,30.00,30.00,74.84,0
859.18,10.00,10.00,74.84,1
865.48,490.00,10.00,74.84,1
871.78,490.00,490.00,74.84,1
878.08,10.00,490.00,74.84,1
884.37,10.00,10.00,74.84,0
884.69,30.00,30.00,74.84,1
890.46,30.00,470.00,74.84,1
896.24,470.00,470.00,74.84,1
902.01,470.00,30.00,74.84,1
907.79,30.00,30.00,74.84,0
908.09,30.00,30.00,79.84,0
908.40,10.00,10.00,79.84,1
914.70,490.00,10.00,79.84,1
921.00,490.00,490.00,79.84,1
927.30,10.00,490.00,79.84,1
933.60,10.00,10.00,79.84,0
933.91,30.00,30.00,79.84,1
939.68,30.00,470.00,79.84,1
945.46,470.00,470.00,79.84,1
951.23,470.00,30.00,79.84,1
957.01,30.00,30.00,79.84,0
957.31,30.00,30.00,84.84,0
957.62,10.00,10.00,84.84,1
963.92,490.00,10.00,84.84,1
970.22,490.00,490.00,84.84,1
976.52,10.00,490.00,84.84,1
982.82,10.00,10.00,84.84,0
983.13,30.00,30.00,84.84,1
988.91,30.00,470.00,84.84,1
994.68,470.00,470.00,84.84,1
1000.46,470.00,30.00,84.84,1
1006.23,30.00,30.00,84.84,0
1006.53,30.00,30.00,89.84,0
1006.84,10.00,10.00,89.84,1
1013.14,490.00,10.00,89.84,1
1019.44,490.00,490.00,89.84,1
1025.74,10.00,490.00,89.84,1
1032.04,10.00,10.00,89.84,0
1032.35,30.00,30.00,89.84,1
1038.13,30.00,470.00,89.84,1
1043.90,470.00,470.00,89.84,1
1049.68,470.00,30.00,89.84,1
1055.45,30.00,30.00,89.84,0
1055.75,30.00,30.00,94.84,0
1056.07,10.00,10.00,94.84,1
1062.36,490.00,10.00,94.84,1
1068.66,490.00,490.00,94.84,1
1074.96,10.00,490.00,94.84,1
1081.26,10.00,10.00,94.84,0
1081.58,30.00,30.00,94.84,1
1087.35,30.00,470.00,94.84,1
1093.12,470.00,470.00,94.84,1
1098.90,470.00,30.00,94.84,1
1104.67,30.00,30.00,94.84,0
1104.97,30.00,30.00,99.84,0
1105.29,10.00,10.00,99.84,1
1111.59,490.00,10.00,99.84,1
1117.89,490.00,490.00,99.84,1
1124.18,10.00,490.00,99.84,1
1130.48,10.00,10.00,99.84,0
1130.80,30.00,30.00,99.84,1
1136.57,30.00,470.00,99.84,1
1142.35,470.00,470.00,99.84,1
1148.12,470.00,30.00,99.84,1
1153.90,30.00,30.00,99.84,0
1154.19,30.00,30.00,104.84,0
1154.51,10.00,10.00,104.84,1
1160.81,490.00,10.00,104.84,1
1167.11,490.00,490.00,104.84,1
1173.41,10.00,490.00,104.84,1
1179.71,10.00,10.00,104.84,0
1180.02,30.00,30.00,104.84,1
1185.79,30.00,470.00,104.84,1
1191.57,470.00,470.00,104.84,1
1197.34,470.00,30.00,104.84,1
1203.12,30.00,30.00,104.84,0
1203.42,30.00,30.00,109.84,0
1203.73,10.00,10.00,109.84,1
1210.03,490.00,10.00,109.84,1
1216.33,490.00,490.00,109.84,1
1222.63,10.00,490.00,109.84,1
1228.93,10.00,10.00,109.84,0
1229.24,30.00,30.00,109.84,1
1235.02,30.00,470.00,109.84,1
1240.79,470.00,470.00,109.84,1
1246.56,470.00,30.00,109.84,1
1252.34,30.00,30.00,109.84,0
1252.64,30.00,30.00,114.84,0
1252.95,10.00,10.00,114.84,1
1259.25,490.00,10.00,114.84,1
1265.55,490.00,490.00,114.84,1
1271.85,10.00,490.00,114.84,1
1278.15,10.00,10.00,114.84,0
1278.46,30.00,30.00,114.84,1
1284.24,30.00,470.00,114.84,1
1290.01,470.00,470.00,114.84,1
1295.79,470.00,30.00,114.84,1
1301.56,30.00,30.00,114.84,0
1301.86,30.00,30.00,119.84,0
1302.17,10.00,10.00,119.84,1
1308.47,490.00,10.00,119.84,1
1314.77,490.00,490.00,119.84,1
1321.07,10.00,490.00,119.84,1
1327.37,10.00,10.00,119.84,0
1327.69,30.00,30.00,119.84,1
1333.46,30.00,470.00,119.84,1
1339.23,470.00,470.00,119.84,1
1345.01,470.00,30.00,119.84,1
1350.78,30.00,30.00,119.84,0
1351.08,30.00,30.00,124.84,0
1351.40,10.00,10.00,124.84,1
1357.70,490.00,10.00,124.84,1
1364.00,490.00,490.00,124.84,1
1370.29,10.00,490.00,124.84,1
1376.59,10.00,10.00,124.84,0
1376.91,30.00,30.00,124.84,1
1382.68,30.00,470.00,124.84,1
1388.46,470.00,470.00,124.84,1
1394.23,470.00,30.00,124.84,1
1400.00,30.00,30.00,124.84,0
1400.30,30.00,30.00,129.84,0
1400.62,10.00,10.00,129.84,1
1406.92,490.00,10.00,129.84,1
1413.22,490.00,490.00,129.84,1
1419.52,10.00,490.00,129.84,1
1425.82,10.00,10.00,129.84,0
1426.13,30.00,30.00,129.84,1
1431.90,30.00,470.00,129.84,1
1437.68,470.00,470.00,129.84,1
1443.45,470.00,30.00,129.84,1
1449.23,30.00,30.00,129.84,0
1449.53,30.00,30.00,134.84,0
1449.84,10.00,10.00,134.84,1
1456.14,490.00,10.00,134.84,1
1462.44,490.00,490.00,134.84,1
1468.74,10.00,490.00,134.84,1
1475.04,10.00,10.00,134.84,0
1475.35,30.00,30.00,134.84,1
1481.13,30.00,470.00,134.84,1
1486.90,470.00,470.00,134.84,1
1492.67,470.00,30.00,134.84,1
1498.45,30.00,30.00,134.84,0
1498.75,30.00,30.00,139.84,0
1499.06,10.00,10.00,139.84,1
1505.36,490.00,10.00,139.84,1
1511.66,490.00,490.00,139.84,1
1517.96,10.00,490.00,139.84,1
1524.26,10.00,10.00,139.84,0
1524.57,30.00,30.00,139.84,1
1530.35,30.00,470.00,139.84,1
1536.12,470.00,470.00,139.84,1
1541.90,470.00,30.00,139.84,1
1547.67,30.00,30.00,139.84,0
1547.97,30.00,30.00,144.84,0
1548.28,10.00,10.00,144.84,1
1554.58,490.00,10.00,144.84,1
1560.88,490.00,490.00,144.84,1
1567.18,10.00,490.00,144.84,1
1573.48,10.00,10.00,144.84,0
1573.80,30.00,30.00,144.84,1
1579.57,30.00,470.00,144.84,1
1585.34,470.00,470.00,144.84,1
1591.12,470.00,30.00,144.84,1
1596.89,30.00,30.00,144.84,0
1597.19,30.00,30.00,149.84,0
1597.51,10.00,10.00,149.84,1
1603.81,490.00,10.00,149.84,1
1610.10,490.00,490.00,149.84,1
1616.40,10.00,490.00,149.84,1
1622.70,10.00,10.00,149.84,0
1623.02,30.00,30.00,149.84,1
1628.79,30.00,470.00,149.84,1
1634.57,470.00,470.00,149.84,1
1640.34,470.00,30.00,149.84,1
1646.11,30.00,30.00,149.84,0
1646.41,30.00,30.00,154.84,0
1646.73,10.00,10.00,154.84,1
1653.03,490.00,10.00,154.84,1
1659.33,490.00,490.00,154.84,1
1665.63,10.00,490.00,154.84,1
1671.93,10.00,10.00,154.84,0
1672.24,30.00,30.00,154.84,1
1678.01,30.00,470.00,154.84,1
1683.79,470.00,470.00,154.84,1
1689.56,470.00,30.00,154.84,1
1695.34,30.00,30.00,154.84,0
1695.64,30.00,30.00,159.84,0
1695.95,10.00,10.00,159.84,1
1702.25,490.00,10.00,159.84,1
1708.55,490.00,490.00,159.84,1
1714.85,10.00,490.00,159.84,1
1721.15,10.00,10.00,159.84,0
1721.46,30.00,30.00,159.84,1
1727.24,30.00,470.00,159.84,1
1733.01,470.00,470.00,159.84,1
1738.78,470.00,30.00,159.84,1
1744.56,30.00,30.00,159.84,0
1744.86,30.00,30.00,164.84,0
1745.17,10.00,10.00,164.84,1
1751.47,490.00,10.00,164.84,1
1757.77,490.00,490.00,164.84,1
1764.07,10.00,490.00,164.84,1
1770.37,10.00,10.00,164.84,0
1770.68,30.00,30.00,164.84,1
1776.46,30.00,470.00,164.84,1
1782.23,470.00,470.00,164.84,1
1788.01,470.00,30.00,164.84,1
1793.78,30.00,30.00,164.84,0
1794.08,30.00,30.00,169.84,0
1794.39,10.00,10.00,169.84,1
1800.69,490.00,10.00,169.84,1
1806.99,490.00,490.00,169.84,1
1813.29,10.00,490.00,169.84,1
1819.59,10.00,10.00,169.84,0
1819.90,30.00,30.00,169.84,1
1825.68,30.00,470.00,169.84,1
1831.45,470.00,470.00,169.84,1
1837.23,470.00,30.00,169.84,1
1843.00,30.00,30.00,169.84,0
1843.30,30.00,30.00,174.84,0
1843.62,10.00,10.00,174.84,1
1849.91,490.00,10.00,174.84,1
1856.21,490.00,490.00,174.84,1
1862.51,10.00,490.00,174.84,1
1868.81,10.00,10.00,174.84,0
1869.13,30.00,30.00,174.84,1
1874.90,30.00,470.00,174.84,1
1880.68,470.00,470.00,174.84,1
1886.45,470.00,30.00,174.84,1
1892.22,30.00,30.00,174.84,0
1892.52,30.00,30.00,179.84,0
1892.84,10.00,10.00,179.84,1
1899.14,490.00,10.00,179.84,1
1905.44,490.00,490.00,179.84,1
1911.74,10.00,490.00,179.84,1
1918.03,10.00,10.00,179.84,0
1918.35,30.00,30.00,179.84,1
1924.12,30.00,470.00,179.84,1
1929.90,470.00,470.00,179.84,1
1935.67,470.00,30.00,179.84,1
1941.45,30.00,30.00,179.84,0
1941.75,30.00,30.00,184.84,0
1942.06,10.00,10.00,184.84,1
1948.36,490.00,10.00,184.84,1
1954.66,490.00,490.00,184.84,1
1960.96,10.00,490.00,184.84,1
1967.26,10.00,10.00,184.84,0
1967.57,30.00,30.00,184.84,1
1973.34,30.00,470.00,184.84,1
1979.12,470.00,470.00,184.84,1
1984.89,470.00,30.00,184.84,1
1990.67,30.00,30.00,184.84,0
1990.97,30.00,30.00,189.84,0
1991.28,10.00,10.00,189.84,1
1997.58,490.00,10.00,189.84,1
2003.88,490.00,490.00,189.84,1
2010.18,10.00,490.00,189.84,1
2016.48,10.00,10.00,189.84,0
2016.79,30.00,30.00,189.84,1
2022.57,30.00,470.00,189.84,1
2028.34,470.00,470.00,189.84,1
2034.12,470.00,30.00,189.84,1
2039.89,30.00,30.00,189.84,0
2040.19,30.00,30.00,194.84,0
2040.50,10.00,10.00,194.84,1
2046.80,490.00,10.00,194.84,1
2053.10,490.00,490.00,194.84,1
2059.40,10.00,490.00,194.84,1
2065.70,10.00,10.00,194.84,0
2066.01,30.00,30.00,194.84,1
2071.79,30.00,470.00,194.84,1
2077.56,470.00,470.00,194.84,1
2083.34,470.00,30.00,194.84,1
2089.11,30.00,30.00,194.84,0
2089.41,30.00,30.00,199.84,0
2089.73,10.00,10.00,199.84,1
2096.02,490.00,10.00,199.84,1
2102.32,490.00,490.00,199.84,1
2108.62,10.00,490.00,199.84,1
2114.92,10.00,10.00,199.84,0
2115.24,30.00,30.00,199.84,1
2121.01,30.00,470.00,199.84,1
2126.78,470.00,470.00,199.84,1
2132.56,470.00,30.00,199.84,1
2138.33,30.00,30.00,199.84,0
2138.63,30.00,30.00,204.84,0
2138.95,10.00,10.00,204.84,1
2145.25,490.00,10.00,204.84,1
2151.55,490.00,490.00,204.84,1
2157.84,10.00,490.00,204.84,1
2164.14,10.00,10.00,204.84,0
2164.46,30.00,30.00,204.84,1
2170.23,30.00,470.00,204.84,1
2176.01,470.00,470.00,204.84,1
2181.78,470.00,30.00,204.84,1
2187.56,30.00,30.00,204.84,0
2187.85,30.00,30.00,209.84,0
2188.17,10.00,10.00,209.84,1
2194.47,490.00,10.00,209.84,1
2200.77,490.00,490.00,209.84,1
2207.07,10.00,490.00,209.84,1
2213.37,10.00,10.00,209.84,0
2213.68,30.00,30.00,209.84,1
2219.45,30.00,470.00,209.84,1
2225.23,470.00,470.00,209.84,1
2231.00,470.00,30.00,209.84,1
2236.78,30.00,30.00,209.84,0
2237.08,30.00,30.00,214.84,0
2237.39,10.00,10.00,214.84,1
2243.69,490.00,10.00,214.84,1
2249.99,490.00,490.00,214.84,1
2256.29,10.00,490.00,214.84,1
2262.59,10.00,10.00,214.84,0
2262.90,30.00,30.00,214.84,1
2268.68,30.00,470.00,214.84,1
2274.45,470.00,470.00,214.84,1
2280.22,470.00,30.00,214.84,1
2286.00,30.00,30.00,214.84,0
2286.30,30.00,30.00,219.84,0
2286.61,10.00,10.00,219.84,1
2292.91,490.00,10.00,219.84,1
2299.21,490.00,490.00,219.84,1
2305.51,10.00,490.00,219.84,1
2311.81,10.00,10.00,219.84,0
2312.12,30.00,30.00,219.84,1
2317.90,30.00,470.00,219.84,1
2323.67,470.00,470.00,219.84,1
2329.45,470.00,30.00,219.84,1
2335.22,30.00,30.00,219.84,0
2335.52,30.00,30.00,224.84,0
2335.83,10.00,10.00,224.84,1
2342.13,490.00,10.00,224.84,1
2348.43,490.00,490.00,224.84,1
2354.73,10.00,490.00,224.84,1
2361.03,10.00,10.00,224.84,0
2361.35,30.00,30.00,224.84,1
2367.12,30.00,470.00,224.84,1
2372.89,470.00,470.00,224.84,1
2378.67,470.00,30.00,224.84,1
2384.44,30.00,30.00,224.84,0
2384.74,30.00,30.00,229.84,0
2385.06,10.00,10.00,229.84,1
2391.36,490.00,10.00,229.84,1
2397.66,490.00,490.00,229.84,1
2403.95,10.00,490.00,229.84,1
2410.25,10.00,10.00,229.84,0
2410.57,30.00,30.00,229.84,1
2416.34,30.00,470.00,229.84,1
2422.12,470.00,470.00,229.84,1
2427.89,470.00,30.00,229.84,1
2433.66,30.00,30.00,229.84,0
2433.96,30.00,30.00,234.84,0
2434.28,10.00,10.00,234.84,1
2440.58,490.00,10.00,234.84,1
2446.88,490.00,490.00,234.84,1
2453.18,10.00,490.00,234.84,1
2459.48,10.00,10.00,234.84,0
2459.79,30.00,30.00,234.84,1
2465.56,30.00,470.00,234.84,1
2471.34,470.00,470.00,234.84,1
2477.11,470.00,30.00,234.84,1
2482.89,30.00,30.00,234.84,0
2483.19,30.00,30.00,239.84,0
2483.50,10.00,10.00,239.84,1
2489.80,490.00,10.00,239.84,1
2496.10,490.00,490.00,239.84,1
2502.40,10.00,490.00,239.84,1
2508.70,10.00,10.00,239.84,0
2509.01,30.00,30.00,239.84,1
2514.79,30.00,470.00,239.84,1
2520.56,470.00,470.00,239.84,1
2526.33,470.00,30.00,239.84,1
2532.11,30.00,30.00,239.84,0
2532.41,30.00,30.00,244.84,0
2532.72,10.00,10.00,244.84,1
2539.02,490.00,10.00,244.84,1
2545.32,490.00,490.00,244.84,1
2551.62,10.00,490.00,244.84,1
2557.92,10.00,10.00,244.84,0
2558.23,30.00,30.00,244.84,1
2564.01,30.00,470.00,244.84,1
2569.78,470.00,470.00,244.84,1
2575.56,470.00,30.00,244.84,1
2581.33,30.00,30.00,244.84,0
2581.63,30.00,30.00,249.84,0
2581.94,10.00,10.00,249.84,1
2588.24,490.00,10.00,249.84,1
2594.54,490.00,490.00,249.84,1
2600.84,10.00,490.00,249.84,1
2607.14,10.00,10.00,249.84,0
2607.46,30.00,30.00,249.84,1
2613.23,30.00,470.00,249.84,1
2619.00,470.00,470.00,249.84,1
2624.78,470.00,30.00,249.84,1
2630.55,30.00,30.00,249.84,0
2630.85,30.00,30.00,254.84,0
2631.17,10.00,10.00,254.84,1
2637.47,490.00,10.00,254.84,1
2643.76,490.00,490.00,254.84,1
2650.06,10.00,490.00,254.84,1
2656.36,10.00,10.00,254.84,0
2656.68,30.00,30.00,254.84,1
2662.45,30.00,470.00,254.84,1
2668.23,470.00,470.00,254.84,1
2674.00,470.00,30.00,254.84,1
2679.77,30.00,30.00,254.84,0
2680.07,30.00,30.00,259.84,0
2680.39,10.00,10.00,259.84,1
2686.69,490.00,10.00,259.84,1
2692.99,490.00,490.00,259.84,1
2699.29,10.00,490.00,259.84,1
2705.58,10.00,10.00,259.84,0
2705.90,30.00,30.00,259.84,1
2711.67,30.00,470.00,259.84,1
2717.45,470.00,470.00,259.84,1
2723.22,470.00,30.00,259.84,1
2729.00,30.00,30.00,259.84,0
2729.30,30.00,30.00,264.84,0
2729.61,10.00,10.00,264.84,1
2735.91,490.00,10.00,264.84,1
2742.21,490.00,490.00,264.84,1
2748.51,10.00,490.00,264.84,1
2754.81,10.00,10.00,264.84,0
2755.12,30.00,30.00,264.84,1
2760.90,30.00,470.00,264.84,1
2766.67,470.00,470.00,264.84,1
2772.44,470.00,30.00,264.84,1
2778.22,30.00,30.00,264.84,0
2778.52,30.00,30.00,269.84,0
2778.83,10.00,10.00,269.84,1
2785.13,490.00,10.00,269.84,1
2791.43,490.00,490.00,269.84,1
2797.73,10.00,490.00,269.84,1
2804.03,10.00,10.00,269.84,0
2804.34,30.00,30.00,269.84,1
2810.12,30.00,470.00,269.84,1
2815.89,470.00,470.00,269.84,1
2821.67,470.00,30.00,269.84,1
2827.44,30.00,30.00,269.84,0
2827.74,30.00,30.00,274.84,0
2828.05,10.00,10.00,274.84,1
2834.35,490.00,10.00,274.84,1
2840.65,490.00,490.00,274.84,1
2846.95,10.00,490.00,274.84,1
2853.25,10.00,10.00,274.84,0
2853.56,30.00,30.00,274.84,1
2859.34,30.00,470.00,274.84,1
2865.11,470.00,470.00,274.84,1
2870.89,470.00,30.00,274.84,1
2876.66,30.00,30.00,274.84,0
2876.96,30.00,30.00,279.84,0
2877.28,10.00,10.00,279.84,1
2883.57,490.00,10.00,279.84,1
2889.87,490.00,490.00,279.84,1
2896.17,10.00,490.00,279.84,1
2902.47,10.00,10.00,279.84,0
2902.79,30.00,30.00,279.84,1
2908.56,30.00,470.00,279.84,1
2914.34,470.00,470.00,279.84,1
2920.11,470.00,30.00,279.84,1
2925.88,30.00,30.00,279.84,0
2926.18,30.00,30.00,284.84,0
2926.50,10.00,10.00,284.84,1
2932.80,490.00,10.00,284.84,1
2939.10,490.00,490.00,284.84,1
2945.40,10.00,490.00,284.84,1
2951.69,10.00,10.00,284.84,0
2952.01,30.00,30.00,284.84,1
2957.78,30.00,470.00,284.84,1
2963.56,470.00,470.00,284.84,1
2969.33,470.00,30.00,284.84,1
2975.11,30.00,30.00,284.84,0
2975.41,30.00,30.00,289.84,0
2975.72,10.00,10.00,289.84,1
2982.02,490.00,10.00,289.84,1
2988.32,490.00,490.00,289.84,1
2994.62,10.00,490.00,289.84,1
3000.92,10.00,10.00,289.84,0
3001.23,30.00,30.00,289.84,1
3007.00,30.00,470.00,289.84,1
3012.78,470.00,470.00,289.84,1
3018.55,470.00,30.00,289.84,1
3024.33,30.00,30.00,289.84,0
3024.63,30.00,30.00,294.84,0
3024.94,10.00,10.00,294.84,1
3031.24,490.00,10.00,294.84,1
3037.54,490.00,490.00,294.84,1
3043.84,10.00,490.00,294.84,1
3050.14,10.00,10.00,294.84,0
3050.45,30.00,30.00,294.84,1
3056.23,30.00,470.00,294.84,1
3062.00,470.00,470.00,294.84,1
3067.78,470.00,30.00,294.84,1
3073.55,30.00,30.00,294.84,0
3073.85,30.00,30.00,299.84,0
3074.16,10.00,10.00,299.84,1
3080.46,490.00,10.00,299.84,1
3086.76,490.00,490.00,299.84,1
3093.06,10.00,490.00,299.84,1
3099.36,10.00,10.00,299.84,0
3099.67,30.00,30.00,299.84,1
3105.45,30.00,470.00,299.84,1
3111.22,470.00,470.00,299.84,1
3117.00,470.00,30.00,299.84,1
3122.77,30.00,30.00,299.84,0
3123.07,30.00,30.00,304.84,0
3123.39,10.00,10.00,304.84,1
3129.68,490.00,10.00,304.84,1
3135.98,490.00,490.00,304.84,1
3142.28,10.00,490.00,304.84,1
3148.58,10.00,10.00,304.84,0
3148.90,30.00,30.00,304.84,1
3154.67,30.00,470.00,304.84,1
3160.44,470.00,470.00,304.84,1
3166.22,470.00,30.00,304.84,1
3171.99,30.00,30.00,304.84,0
3172.29,30.00,30.00,309.84,0
3172.61,10.00,10.00,309.84,1
3178.91,490.00,10.00,309.84,1
3185.21,490.00,490.00,309.84,1
3191.50,10.00,490.00,309.84,1
3197.80,10.00,10.00,309.84,0
3198.12,30.00,30.00,309.84,1
3203.89,30.00,470.00,309.84,1
3209.67,470.00,470.00,309.84,1
3215.44,470.00,30.00,309.84,1
3221.22,30.00,30.00,309.84,0
3221.51,30.00,30.00,314.84,0
3221.83,10.00,10.00,314.84,1
3228.13,490.00,10.00,314.84,1
3234.43,490.00,490.00,314.84,1
3240.73,10.00,490.00,314.84,1
3247.03,10.00,10.00,314.84,0
3247.34,30.00,30.00,314.84,1
3253.11,30.00,470.00,314.84,1
3258.89,470.00,470.00,314.84,1
3264.66,470.00,30.00,314.84,1
3270.44,30.00,30.00,314.84,0
3270.74,30.00,30.00,319.84,0
3271.05,10.00,10.00,319.84,1
3277.35,490.00,10.00,319.84,1
3283.65,490.00,490.00,319.84,1
3289.95,10.00,490.00,319.84,1
3296.25,10.00,10.00,319.84,0
3296.56,30.00,30.00,319.84,1
3302.34,30.00,470.00,319.84,1
3308.11,470.00,470.00,319.84,1
3313.88,470.00,30.00,319.84,1
3319.66,30.00,30.00,319.84,0
3319.96,30.00,30.00,324.84,0
3320.27,10.00,10.00,324.84,1
3326.57,490.00,10.00,324.84,1
3332.87,490.00,490.00,324.84,1
3339.17,10.00,490.00,324.84,1
3345.47,10.00,10.00,324.84,0
3345.78,30.00,30.00,324.84,1
3351.56,30.00,470.00,324.84,1
3357.33,470.00,470.00,324.84,1
3363.11,470.00,30.00,324.84,1
3368.88,30.00,30.00,324.84,0
3369.18,30.00,30.00,329.84,0
3369.49,10.00,10.00,329.84,1
3375.79,490.00,10.00,329.84,1
3382.09,490.00,490.00,329.84,1
3388.39,10.00,490.00,329.84,1
3394.69,10.00,10.00,329.84,0
3395.01,30.00,30.00,329.84,1
3400.78,30.00,470.00,329.84,1
3406.55,470.00,470.00,329.84,1
3412.33,470.00,30.00,329.84,1
3418.10,30.00,30.00,329.84,0
3418.40,30.00,30.00,334.84,0
3418.72,10.00,10.00,334.84,1
3425.02,490.00,10.00,334.84,1
3431.32,490.00,490.00,334.84,1
3437.61,10.00,490.00,334.84,1
3443.91,10.00,10.00,334.84,0
3444.23,30.00,30.00,334.84,1
3450.00,30.00,470.00,334.84,1
3455.78,470.00,470.00,334.84,1
3461.55,470.00,30.00,334.84,1
3467.32,30.00,30.00,334.84,0
3467.62,30.00,30.00,339.84,0
3467.94,10.00,10.00,339.84,1
3474.24,490.00,10.00,339.84,1
3480.54,490.00,490.00,339.84,1
3486.84,10.00,490.00,339.84,1
3493.14,10.00,10.00,339.84,0
3493.45,30.00,30.00,339.84,1
3499.22,30.00,470.00,339.84,1
3505.00,470.00,470.00,339.84,1
3510.77,470.00,30.00,339.84,1
3516.55,30.00,30.00,339.84,0
3516.85,30.00,30.00,344.84,0
3517.16,10.00,10.00,344.84,1
3523.46,490.00,10.00,344.84,1
3529.76,490.00,490.00,344.84,1
3536.06,10.00,490.00,344.84,1
3542.36,10.00,10.00,344.84,0
3542.67,30.00,30.00,344.84,1
3548.45,30.00,470.00,344.84,1
3554.22,470.00,470.00,344.84,1
3559.99,470.00,30.00,344.84,1
3565.77,30.00,30.00,344.84,0
3566.07,30.00,30.00,349.84,0
3566.38,10.00,10.00,349.84,1
3572.68,490.00,10.00,349.84,1
3578.98,490.00,490.00,349.84,1
3585.28,10.00,490.00,349.84,1
3591.58,10.00,10.00,349.84,0
3591.89,30.00,30.00,349.84,1
3597.67,30.00,470.00,349.84,1
3603.44,470.00,470.00,349.84,1
3609.22,470.00,30.00,349.84,1
3614.99,30.00,30.00,349.84,0
3615.29,30.00,30.00,354.84,0
3615.60,10.00,10.00,354.84,1
3621.90,490.00,10.00,354.84,1
3628.20,490.00,490.00,354.84,1
3634.50,10.00,490.00,354.84,1
3640.80,10.00,10.00,354.84,0
3641.12,30.00,30.00,354.84,1
3646.89,30.00,470.00,354.84,1
3652.66,470.00,470.00,354.84,1
3658.44,470.00,30.00,354.84,1
3664.21,30.00,30.00,354.84,0
3664.51,30.00,30.00,359.84,0
3664.83,10.00,10.00,359.84,1
3671.13,490.00,10.00,359.84,1
3677.42,490.00,490.00,359.84,1
3683.72,10.00,490.00,359.84,1
3690.02,10.00,10.00,359.84,0
3690.34,30.00,30.00,359.84,1
3696.11,30.00,470.00,359.84,1
3701.89,470.00,470.00,359.84,1
3707.66,470.00,30.00,359.84,1
3713.43,30.00,30.00,359.84,0
3713.73,30.00,30.00,364.84,0
3714.05,10.00,10.00,364.84,1
3720.35,490.00,10.00,364.84,1
3726.65,490.00,490.00,364.84,1
3732.95,10.00,490.00,364.84,1
3739.24,10.00,10.00,364.84,0
3739.56,30.00,30.00,364.84,1
3745.33,30.00,470.00,364.84,1
3751.11,470.00,470.00,364.84,1
3756.88,470.00,30.00,364.84,1
3762.66,30.00,30.00,364.84,0
3762.96,30.00,30.00,369.84,0
3763.27,10.00,10.00,369.84,1
3769.57,490.00,10.00,369.84,1
3775.87,490.00,490.00,369.84,1
3782.17,10.00,490.00,369.84,1
3788.47,10.00,10.00,369.84,0
3788.78,30.00,30.00,369.84,1
3794.56,30.00,470.00,369.84,1
3800.33,470.00,470.00,369.84,1
3806.10,470.00,30.00,369.84,1
3811.88,30.00,30.00,369.84,0
3812.18,30.00,30.00,374.84,0
3812.49,10.00,10.00,374.84,1
3818.79,490.00,10.00,374.84,1
3825.09,490.00,490.00,374.84,1
3831.39,10.00,490.00,374.84,1
3837.69,10.00,10.00,374.84,0
3838.00,30.00,30.00,374.84,1
3843.78,30.00,470.00,374.84,1
3849.55,470.00,470.00,374.84,1
3855.33,470.00,30.00,374.84,1
3861.10,30.00,30.00,374.84,0
3861.40,30.00,30.00,379.84,0
3861.71,10.00,10.00,379.84,1
3868.01,490.00,10.00,379.84,1
3874.31,490.00,490.00,379.84,1
3880.61,10.00,490.00,379.84,1
3886.91,10.00,10.00,379.84,0
3887.22,30.00,30.00,379.84,1
3893.00,30.00,470.00,379.84,1
3898.77,470.00,470.00,379.84,1
3904.55,470.00,30.00,379.84,1
3910.32,30.00,30.00,379.84,0
3910.62,30.00,30.00,384.84,0
3910.94,10.00,10.00,384.84,1
3917.23,490.00,10.00,384.84,1
3923.53,490.00,490.00,384.84,1
3929.83,10.00,490.00,384.84,1
3936.13,10.00,10.00,384.84,0
3936.45,30.00,30.00,384.84,1
3942.22,30.00,470.00,384.84,1
3948.00,470.00,470.00,384.84,1
3953.77,470.00,30.00,384.84,1
3959.54,30.00,30.00,384.84,0
3959.84,30.00,30.00,389.84,0
3960.16,10.00,10.00,389.84,1
3966.46,490.00,10.00,389.84,1
3972.76,490.00,490.00,389.84,1
3979.06,10.00,490.00,389.84,1
3985.35,10.00,10.00,389.84,0
3985.67,30.00,30.00,389.84,1
3991.44,30.00,470.00,389.84,1
3997.22,470.00,470.00,389.84,1
4002.99,470.00,30.00,389.84,1
4008.77,30.00,30.00,389.84,0
4009.07,30.00,30.00,394.84,0
4009.38,10.00,10.00,394.84,1
4015.68,490.00,10.00,394.84,1
4021.98,490.00,490.00,394.84,1
4028.28,10.00,490.00,394.84,1
4034.58,10.00,10.00,394.84,0
4034.89,30.00,30.00,394.84,1
4040.66,30.00,470.00,394.84,1
4046.44,470.00,470.00,394.84,1
4052.21,470.00,30.00,394.84,1
4057.99,30.00,30.00,394.84,0
4058.29,30.00,30.00,399.84,0
4058.60,10.00,10.00,399.84,1
4064.90,490.00,10.00,399.84,1
4071.20,490.00,490.00,399.84,1
4077.50,10.00,490.00,399.84,1
4083.80,10.00,10.00,399.84,0
4084.11,30.00,30.00,399.84,1
4089.89,30.00,470.00,399.84,1
4095.66,470.00,470.00,399.84,1
4101.44,470.00,30.00,399.84,1
4107.21,30.00,30.00,399.84,0
4107.51,30.00,30.00,404.84,0
4107.82,10.00,10.00,404.84,1
4114.12,490.00,10.00,404.84,1
4120.42,490.00,490.00,404.84,1
4126.72,10.00,490.00,404.84,1
4133.02,10.00,10.00,404.84,0
4133.33,30.00,30.00,404.84,1
4139.11,30.00,470.00,404.84,1
4144.88,470.00,470.00,404.84,1
4150.66,470.00,30.00,404.84,1
4156.43,30.00,30.00,404.84,0
4156.73,30.00,30.00,409.84,0
4157.05,10.00,10.00,409.84,1
4163.34,490.00,10.00,409.84,1
4169.64,490.00,490.00,409.84,1
4175.94,10.00,490.00,409.84,1
4182.24,10.00,10.00,409.84,0
4182.56,30.00,30.00,409.84,1
4188.33,30.00,470.00,409.84,1
4194.10,470.00,470.00,409.84,1
4199.88,470.00,30.00,409.84,1
4205.65,30.00,30.00,409.84,0
4205.95,30.00,30.00,414.84,0
4206.27,10.00,10.00,414.84,1
4212.57,490.00,10.00,414.84,1
4218.87,490.00,490.00,414.84,1
4225.16,10.00,490.00,414.84,1
4231.46,10.00,10.00,414.84,0
4231.78,30.00,30.00,414.84,1
4237.55,30.00,470.00,414.84,1
4243.33,470.00,470.00,414.84,1
4249.10,470.00,30.00,414.84,1
4254.88,30.00,30.00,414.84,0
4255.17,30.00,30.00,419.84,0
4255.49,10.00,10.00,419.84,1
4261.79,490.00,10.00,419.84,1
4268.09,490.00,490.00,419.84,1
4274.39,10.00,490.00,419.84,1
4280.69,10.00,10.00,419.84,0
4281.00,30.00,30.00,419.84,1
4286.77,30.00,470.00,419.84,1
4292.55,470.00,470.00,419.84,1
4298.32,470.00,30.00,419.84,1
4304.10,30.00,30.00,419.84,0
4304.40,30.00,30.00,424.84,0
4304.71,10.00,10.00,424.84,1
4311.01,490.00,10.00,424.84,1
4317.31,490.00,490.00,424.84,1
4323.61,10.00,490.00,424.84,1
4329.91,10.00,10.00,424.84,0
4330.22,30.00,30.00,424.84,1
4336.00,30.00,470.00,424.84,1
4341.77,470.00,470.00,424.84,1
4347.54,470.00,30.00,424.84,1
4353.32,30.00,30.00,424.84,0
4353.62,30.00,30.00,429.84,0
4353.93,10.00,10.00,429.84,1
4360.23,490.00,10.00,429.84,1
4366.53,490.00,490.00,429.84,1
4372.83,10.00,490.00,429.84,1
4379.13,10.00,10.00,429.84,0
4379.44,30.00,30.00,429.84,1
4385.22,30.00,470.00,429.84,1
4390.99,470.00,470.00,429.84,1
4396.77,470.00,30.00,429.84,1
4402.54,30.00,30.00,429.84,0
4402.84,30.00,30.00,434.84,0
4403.15,10.00,10.00,434.84,1
4409.45,490.00,10.00,434.84,1
4415.75,490.00,490.00,434.84,1
4422.05,10.00,490.00,434.84,1
4428.35,10.00,10.00,434.84,0
4428.67,30.00,30.00,434.84,1
4434.44,30.00,470.00,434.84,1
4440.21,470.00,470.00,434.84,1
4445.99,470.00,30.00,434.84,1
4451.76,30.00,30.00,434.84,0
4452.06,30.00,30.00,439.84,0
4452.38,10.00,10.00,439.84,1
4458.68,490.00,10.00,439.84,1
4464.98,490.00,490.00,439.84,1
4471.27,10.00,490.00,439.84,1
4477.57,10.00,10.00,439.84,0
4477.89,30.00,30.00,439.84,1
4483.66,30.00,470.00,439.84,1
4489.44,470.00,470.00,439.84,1
4495.21,470.00,30.00,439.84,1
4500.98,30.00,30.00,439.84,0
4501.28,30.00,30.00,444.84,0
4501.60,10.00,10.00,444.84,1
4507.90,490.00,10.00,444.84,1
4514.20,490.00,490.00,444.84,1
4520.50,10.00,490.00,444.84,1
4526.80,10.00,10.00,444.84,0
4527.11,30.00,30.00,444.84,1
4532.88,30.00,470.00,444.84,1
4538.66,470.00,470.00,444.84,1
4544.43,470.00,30.00,444.84,1
4550.21,30.00,30.00,444.84,0
4550.51,30.00,30.00,449.84,0
4550.82,10.00,10.00,449.84,1
4557.12,490.00,10.00,449.84,1
4563.42,490.00,490.00,449.84,1
4569.72,10.00,490.00,449.84,1
4576.02,10.00,10.00,449.84,0
4576.33,30.00,30.00,449.84,1
4582.11,30.00,470.00,449.84,1
4587.88,470.00,470.00,449.84,1
4593.65,470.00,30.00,449.84,1
4599.43,30.00,30.00,449.84,0
4599.73,30.00,30.00,454.84,0
4600.04,10.00,10.00,454.84,1
4606.34,490.00,10.00,454.84,1
4612.64,490.00,490.00,454.84,1
4618.94,10.00,490.00,454.84,1
4625.24,10.00,10.00,454.84,0
4625.55,30.00,30.00,454.84,1
4631.33,30.00,470.00,454.84,1
4637.10,470.00,470.00,454.84,1
4642.88,470.00,30.00,454.84,1
4648.65,30.00,30.00,454.84,0
4648.95,30.00,30.00,459.84,0
4649.26,10.00,10.00,459.84,1
4655.56,490.00,10.00,459.84,1
4661.86,490.00,490.00,459.84,1
4668.16,10.00,490.00,459.84,1
4674.46,10.00,10.00,459.84,0
4674.78,30.00,30.00,459.84,1
4680.55,30.00,470.00,459.84,1
4686.32,470.00,470.00,459.84,1
4692.10,470.00,30.00,459.84,1
4697.87,30.00,30.00,459.84,0
4698.17,30.00,30.00,464.84,0
4698.49,10.00,10.00,464.84,1
4704.79,490.00,10.00,464.84,1
4711.08,490.00,490.00,464.84,1
4717.38,10.00,490.00,464.84,1
4723.68,10.00,10.00,464.84,0
4724.00,30.00,30.00,464.84,1
4729.77,30.00,470.00,464.84,1
4735.55,470.00,470.00,464.84,1
4741.32,470.00,30.00,464.84,1
4747.09,30.00,30.00,464.84,0
4747.39,30.00,30.00,469.84,0
4747.71,10.00,10.00,469.84,1
4754.01,490.00,10.00,469.84,1
4760.31,490.00,490.00,469.84,1
4766.61,10.00,490.00,469.84,1
4772.90,10.00,10.00,469.84,0
4773.22,30.00,30.00,469.84,1
4778.99,30.00,470.00,469.84,1
4784.77,470.00,470.00,469.84,1
4790.54,470.00,30.00,469.84,1
4796.32,30.00,30.00,469.84,0
4796.62,30.00,30.00,474.84,0
4796.93,10.00,10.00,474.84,1
4803.23,490.00,10.00,474.84,1
4809.53,490.00,490.00,474.84,1
4815.83,10.00,490.00,474.84,1
4822.13,10.00,10.00,474.84,0
4822.44,30.00,30.00,474.84,1
4828.22,30.00,470.00,474.84,1
4833.99,470.00,470.00,474.84,1
4839.76,470.00,30.00,474.84,1
4845.54,30.00,30.00,474.84,0
4845.84,30.00,30.00,479.84,0
4846.15,10.00,10.00,479.84,1
4852.45,490.00,10.00,479.84,1
4858.75,490.00,490.00,479.84,1
4865.05,10.00,490.00,479.84,1
4871.35,10.00,10.00,479.84,0
4871.66,30.00,30.00,479.84,1
4877.44,30.00,470.00,479.84,1
4883.21,470.00,470.00,479.84,1
4888.99,470.00,30.00,479.84,1
4894.76,30.00,30.00,479.84,0
4895.06,30.00,30.00,484.84,0
4895.37,10.00,10.00,484.84,1
4901.67,490.00,10.00,484.84,1
4907.97,490.00,490.00,484.84,1
4914.27,10.00,490.00,484.84,1
4920.57,10.00,10.00,484.84,0
4920.88,30.00,30.00,484.84,1
4926.66,30.00,470.00,484.84,1
4932.43,470.00,470.00,484.84,1
4938.21,470.00,30.00,484.84,1
4943.98,30.00,30.00,484.84,0
4944.28,30.00,30.00,489.84,0
4944.60,10.00,10.00,489.84,1
4950.89,490.00,10.00,489.84,1
4957.19,490.00,490.00,489.84,1
4963.49,10.00,490.00,489.84,1
4969.79,10.00,10.00,489.84,0
4970.11,30.00,30.00,489.84,1
4975.88,30.00,470.00,489.84,1
4981.66,470.00,470.00,489.84,1
4987.43,470.00,30.00,489.84,1
4993.20,30.00,30.00,489.84,0
4993.50,30.00,30.00,494.84,0
4993.82,10.00,10.00,494.84,1
5000.12,490.00,10.00,494.84,1
5006.42,490.00,490.00,494.84,1
5012.72,10.00,490.00,494.84,1
5019.01,10.00,10.00,494.84,0
5019.33,30.00,30.00,494.84,1
5025.10,30.00,470.00,494.84,1
5030.88,470.00,470.00,494.84,1
5036.65,470.00,30.00,494.84,1
5042.43,30.00,30.00,494.84,0
5042.73,30.00,30.00,499.84,0
5043.04,10.00,10.00,499.84,1
5049.34,490.00,10.00,499.84,1
5055.64,490.00,490.00,499.84,1
5061.94,10.00,490.00,499.84,1
5068.24,10.00,10.00,499.84,0
5068.55,30.00,30.00,499.84,1
5074.32,30.00,470.00,499.84,1
5080.10,470.00,470.00,499.84,1
5085.87,470.00,30.00,499.84,1
5091.65,30.00,30.00,499.84,0
5091.65,30.00,30.00,499.84,0
5101.35,-20.00,-20.00,20.00,0
5101.75,-20.00,0.00,20.00,0
5107.35,-20.00,280.00,20.00,0
